date,initialDoses,finalDoses,totalDoses
2020-12-26,0,0,0
2020-12-27,24076,0,24076
2020-12-28,17830,0,17830
2020-12-29,49279,0,49279
2020-12-30,63355,0,63355
2020-12-31,49602,0,49602
2021-01-01,25343,0,25343
2021-01-02,47660,0,47660
2021-01-03,22408,0,22408
2021-01-04,45748,0,45748
2021-01-05,51896,0,51896
2021-01-06,62413,0,62413
2021-01-07,54563,0,54563
2021-01-08,62108,0,62108
2021-01-09,59856,0,59856
2021-01-10,35583,0,35583
2021-01-11,67711,0,67711
2021-01-12,78482,0,78482
2021-01-13,111017,0,111017
2021-01-14,83352,0,83352
2021-01-15,90135,846,90981
2021-01-16,56470,1005,57475
2021-01-17,30428,16914,47342
2021-01-18,66628,15585,82213
2021-01-19,83005,36001,119006
2021-01-20,78059,53388,131447
2021-01-21,64097,40742,104839
2021-01-22,68219,33169,101388
2021-01-23,40477,45866,86343
2021-01-24,25533,21591,47124
2021-01-25,52464,38296,90760
2021-01-26,50717,46724,97441
2021-01-27,50869,58157,109026
2021-01-28,46593,45883,92476
2021-01-29,49995,57742,107737
2021-01-30,34392,53610,88002
2021-01-31,25770,31036,56806
2021-02-01,57972,61445,119417
2021-02-02,65058,67160,132218
2021-02-03,64236,97695,161931
2021-02-04,61797,72093,133890
2021-02-05,68963,77800,146763
2021-02-06,45441,48230,93671
2021-02-07,28259,25048,53307
2021-02-08,52829,56036,108865
2021-02-09,60210,73777,133987
2021-02-10,77293,77123,154416
2021-02-11,75248,68493,143741
2021-02-12,79554,75564,155118
2021-02-13,61933,45386,107319
2021-02-14,39494,25676,65170
2021-02-15,69590,55657,125247
2021-02-16,77780,56207,133987
2021-02-17,94443,56289,150732
2021-02-18,91238,52984,144222
2021-02-19,102756,55567,158323
2021-02-20,75795,36256,112051
2021-02-21,57385,28377,85762
2021-02-22,97567,57704,155271
2021-02-23,109387,60459,169846
2021-02-24,116541,59140,175681
2021-02-25,130007,58929,188936
2021-02-26,145575,66860,212435
2021-02-27,107833,39886,147719
2021-02-28,78777,24059,102836
2021-03-01,148366,49855,198221
2021-03-02,166885,52092,218977
2021-03-03,176571,70495,247066
2021-03-04,181998,62815,244813
2021-03-05,207293,66970,274263
2021-03-06,153023,48658,201681
2021-03-07,114058,33481,147539
2021-03-08,185850,51579,237429
2021-03-09,197406,54795,252201
2021-03-10,221365,67025,288390
2021-03-11,223325,60890,284215
2021-03-12,255354,70849,326203
2021-03-13,190297,50266,240563
2021-03-14,134301,35678,169979
2021-03-15,188477,59206,247683
2021-03-16,110713,68194,178907
2021-03-17,124103,80949,205052
2021-03-18,117984,75561,193545
2021-03-19,160729,84233,244962
2021-03-20,166938,53268,220206
2021-03-21,126295,38186,164481
2021-03-22,192795,76406,269201
2021-03-23,216923,84035,300958
2021-03-24,249638,89577,339215
2021-03-25,251544,81154,332698
2021-03-26,285548,88534,374082
2021-03-27,218931,62326,281257
2021-03-28,143170,53219,196389
2021-03-29,217090,88592,305682
2021-03-30,236441,92491,328932
2021-03-31,234753,101457,336210
2021-04-01,235961,90753,326714
2021-04-02,157731,67984,225715
2021-04-03,167534,64414,231948
2021-04-04,142597,50356,192953
2021-04-05,177652,70205,247857
2021-04-06,279068,94682,373750
2021-04-07,571637,96335,667972
2021-04-08,611170,87704,698874
2021-04-09,543233,88946,632179
2021-04-10,307513,65021,372534
2021-04-11,213597,50317,263914
2021-04-12,342240,76369,418609
2021-04-13,503218,73692,576910
2021-04-14,691671,83206,774877
2021-04-15,609947,70307,680254
2021-04-16,522378,74190,596568
2021-04-17,309409,56612,366021
2021-04-18,230530,39005,269535
2021-04-19,340880,61415,402295
2021-04-20,498012,62770,560782
2021-04-21,647941,73155,721096
2021-04-22,571434,67196,638630
2021-04-23,487499,68935,556434
2021-04-24,306722,58941,365663
2021-04-25,233935,49039,282974
2021-04-26,359173,73938,433111
2021-04-27,693999,91467,785466
2021-04-28,997016,126238,1123254
2021-04-29,813861,132580,946441
2021-04-30,667619,136205,803824
2021-05-01,262634,73658,336292
2021-05-02,199434,65561,264995
2021-05-03,336991,114817,451808
2021-05-04,684337,158752,843089
2021-05-05,919441,227775,1147216
2021-05-06,771951,219070,991021
2021-05-07,656963,234227,891190
2021-05-08,273451,152338,425789
2021-05-09,184712,101469,286181
2021-05-10,399576,189803,589379
2021-05-11,801677,284175,1085852
2021-05-12,1055113,360949,1416062
2021-05-13,271045,158211,429256
2021-05-14,533937,222598,756535
2021-05-15,238960,161327,400287
2021-05-16,165260,116869,282129
2021-05-17,359062,196181,555243
2021-05-18,525203,346698,871901
2021-05-19,575944,521954,1097898
2021-05-20,466436,481112,947548
2021-05-21,417937,433218,851155
2021-05-22,229271,244647,473918
2021-05-23,133617,151442,285059
2021-05-24,149180,176799,325979
2021-05-25,297315,358277,655592
2021-05-26,547877,632050,1179927
2021-05-27,485304,555489,1040793
2021-05-28,440112,463748,903860
2021-05-29,179525,230646,410171
2021-05-30,108757,174779,283536
2021-05-31,220859,325837,546696
2021-06-01,484620,503690,988310
2021-06-02,621684,626938,1248622
2021-06-03,283603,359055,642658
2021-06-04,368483,442514,810997
2021-06-05,126957,285897,412854
2021-06-06,77707,214490,292197
2021-06-07,247614,366594,614208
2021-06-08,409603,643621,1053224
2021-06-09,544545,878868,1423413
2021-06-10,493092,698146,1191238
2021-06-11,461133,601371,1062504
2021-06-12,159001,276195,435196
2021-06-13,78535,204431,282966
2021-06-14,269314,385758,655072
2021-06-15,405676,640699,1046375
2021-06-16,541802,839611,1381413
2021-06-17,467016,679869,1146885
2021-06-18,413340,578176,991516
2021-06-19,140727,286206,426933
2021-06-20,80675,214381,295056
2021-06-21,245485,384914,630399
2021-06-22,408283,666964,1075247
2021-06-23,521829,811706,1333535
2021-06-24,528438,505746,1034184
2021-06-25,419506,499853,919359
2021-06-26,149707,259751,409458
2021-06-27,94092,197781,291873
2021-06-28,268146,360563,628709
2021-06-29,410857,520986,931843
2021-06-30,473416,548265,1021681
2021-07-01,474966,506828,981794
2021-07-02,402054,444239,846293
2021-07-03,164403,212851,377254
2021-07-04,102049,171262,273311
2021-07-05,211473,324829,536302
2021-07-06,285735,491526,777261
2021-07-07,342735,652609,995344
2021-07-08,282367,565016,847383
2021-07-09,240189,517241,757430
2021-07-10,105577,237770,343347
2021-07-11,69403,158509,227912
2021-07-12,165136,302682,467818
2021-07-13,199982,560186,760168
2021-07-14,226083,748344,974427
2021-07-15,193449,572958,766407
2021-07-16,173774,485371,659145
2021-07-17,89602,181820,271422
2021-07-18,70936,128959,199895
2021-07-19,105807,274688,380495
2021-07-20,140609,463607,604216
2021-07-21,168806,583464,752270
2021-07-22,134808,483822,618630
2021-07-23,131539,435394,566933
2021-07-24,64371,145759,210130
2021-07-25,37738,86516,124254
2021-07-26,82476,253312,335788
2021-07-27,110531,436333,546864
2021-07-28,135180,548519,683699
2021-07-29,119371,453286,572657
2021-07-30,109889,382259,492148
2021-07-31,59435,134620,194055
2021-08-01,36255,80221,116476
2021-08-02,69352,221299,290651
2021-08-03,89409,367222,456631
2021-08-04,108820,456960,565780
2021-08-05,99232,411853,511085
2021-08-06,95698,340131,435829
2021-08-07,53349,129631,182980
2021-08-08,27342,88457,115799
2021-08-09,59735,231370,291105
2021-08-10,84754,339612,424366
2021-08-11,118354,416056,534410
2021-08-12,115681,346628,462309
2021-08-13,108758,301544,410302
2021-08-14,60638,125239,185877
2021-08-15,36268,78697,114965
2021-08-16,75033,174432,249465
