date,initialDoses,finalDoses,totalDoses
2020-12-26,0,0,0
2020-12-27,23308,0,23308
2020-12-28,17759,0,17759
2020-12-29,49078,0,49078
2020-12-30,61638,0,61638
2020-12-31,50004,0,50004
2021-01-01,25737,0,25737
2021-01-02,47355,0,47355
2021-01-03,22174,0,22174
2021-01-04,46520,0,46520
2021-01-05,51823,0,51823
2021-01-06,62166,0,62166
2021-01-07,54135,0,54135
2021-01-08,61489,0,61489
2021-01-09,59447,0,59447
2021-01-10,34648,0,34648
2021-01-11,67073,0,67073
2021-01-12,80685,0,80685
2021-01-13,111422,0,111422
2021-01-14,81854,0,81854
2021-01-15,89223,802,90025
2021-01-16,56039,1018,57057
2021-01-17,30541,17789,48330
2021-01-18,66218,15859,82077
2021-01-19,82446,36007,118453
2021-01-20,77872,54236,132108
2021-01-21,64193,41923,106116
2021-01-22,68185,34651,102836
2021-01-23,40706,45909,86615
2021-01-24,25735,21994,47729
2021-01-25,51979,39205,91184
2021-01-26,50358,47121,97479
2021-01-27,50718,57933,108651
2021-01-28,45087,45421,90508
2021-01-29,51311,57320,108631
2021-01-30,34496,53855,88351
2021-01-31,25806,31362,57168
2021-02-01,57841,61696,119537
2021-02-02,64403,66265,130668
2021-02-03,63334,95802,159136
2021-02-04,59997,70419,130416
2021-02-05,67820,76524,144344
2021-02-06,47032,53408,100440
2021-02-07,28145,25272,53417
2021-02-08,53218,56081,109299
2021-02-09,60225,73433,133658
2021-02-10,77054,76568,153622
2021-02-11,73839,67428,141267
2021-02-12,78477,76729,155206
2021-02-13,61644,45541,107185
2021-02-14,39729,25685,65414
2021-02-15,68886,55627,124513
2021-02-16,82013,55819,137832
2021-02-17,93643,56441,150084
2021-02-18,90233,51481,141714
2021-02-19,100244,54261,154505
2021-02-20,75946,35933,111879
2021-02-21,57269,28568,85837
2021-02-22,98750,59713,158463
2021-02-23,106857,59587,166444
2021-02-24,114933,58677,173610
2021-02-25,130368,57949,188317
2021-02-26,143210,65496,208706
2021-02-27,107364,39952,147316
2021-02-28,82974,24123,107097
2021-03-01,146262,49509,195771
2021-03-02,161331,51626,212957
2021-03-03,173439,69646,243085
2021-03-04,180185,62321,242506
2021-03-05,202838,67781,270619
2021-03-06,153076,48586,201662
2021-03-07,116486,33999,150485
2021-03-08,185558,51527,237085
2021-03-09,195767,54488,250255
2021-03-10,218844,66070,284914
2021-03-11,221203,60566,281769
2021-03-12,254020,70778,324798
2021-03-13,198117,49789,247906
2021-03-14,135119,35926,171045
2021-03-15,187887,58899,246786
2021-03-16,110198,67270,177468
2021-03-17,124230,79867,204097
2021-03-18,117790,74846,192636
2021-03-19,160394,83099,243493
2021-03-20,167037,53271,220308
2021-03-21,127298,38640,165938
2021-03-22,192003,76094,268097
2021-03-23,215832,82971,298803
2021-03-24,246581,88011,334592
2021-03-25,258641,79846,338487
2021-03-26,289083,88754,377837
2021-03-27,226259,62386,288645
2021-03-28,146025,52894,198919
2021-03-29,222064,89320,311384
2021-03-30,237008,94032,331040
2021-03-31,236383,103303,339686
2021-04-01,235028,93353,328381
2021-04-02,157022,69691,226713
2021-04-03,166990,65774,232764
2021-04-04,142916,53573,196489
2021-04-05,175821,72621,248442
2021-04-06,277121,96261,373382
2021-04-07,582358,96855,679213
2021-04-08,643504,89553,733057
2021-04-09,539338,88606,627944
2021-04-10,305928,65073,371001
2021-04-11,212451,50041,262492
2021-04-12,340534,76762,417296
2021-04-13,498903,73362,572265
2021-04-14,690999,83039,774038
2021-04-15,608468,70841,679309
2021-04-16,520915,74839,595754
2021-04-17,307699,56411,364110
2021-04-18,229117,38857,267974
2021-04-19,340850,60832,401682
2021-04-20,496126,61942,558068
2021-04-21,647156,72624,719780
2021-04-22,570143,66920,637063
2021-04-23,482998,67393,550391
2021-04-24,307874,58981,366855
2021-04-25,234347,47967,282314
2021-04-26,358839,73561,432400
2021-04-27,693360,90209,783569
2021-04-28,995414,126687,1122101
2021-04-29,813007,132265,945272
2021-04-30,666081,136838,802919
2021-05-01,262626,73077,335703
2021-05-02,198727,64541,263268
2021-05-03,336513,115511,452024
2021-05-04,683254,158499,841753
2021-05-05,915611,225788,1141399
2021-05-06,767955,214844,982799
2021-05-07,650297,230434,880731
2021-05-08,273195,153089,426284
2021-05-09,184664,101978,286642
2021-05-10,397765,189945,587710
2021-05-11,798036,282529,1080565
2021-05-12,1049863,358664,1408527
2021-05-13,268362,158641,427003
2021-05-14,530362,221963,752325
2021-05-15,236247,160692,396939
2021-05-16,163330,117439,280769
2021-05-17,356936,196305,553241
2021-05-18,525260,350712,875972
2021-05-19,574696,525843,1100539
2021-05-20,461910,479640,941550
2021-05-21,412818,431339,844157
2021-05-22,229317,246151,475468
2021-05-23,134247,151766,286013
2021-05-24,147258,175652,322910
2021-05-25,294926,357420,652346
2021-05-26,542420,628734,1171154
2021-05-27,481829,550225,1032054
2021-05-28,434834,456785,891619
2021-05-29,181789,228824,410613
2021-05-30,108808,173744,282552
2021-05-31,216836,320783,537619
2021-06-01,480085,496867,976952
2021-06-02,617319,617142,1234461
2021-06-03,279827,353006,632833
2021-06-04,369065,448651,817716
2021-06-05,125377,281255,406632
2021-06-06,76139,213858,289997
2021-06-07,242956,356484,599440
2021-06-08,386153,637594,1023747
2021-06-09,509146,839224,1348370
2021-06-10,460098,693376,1153474
2021-06-11,428112,596050,1024162
2021-06-12,150770,273544,424314
2021-06-13,77288,202553,279841
2021-06-14,251916,379910,631826
2021-06-15,374225,633686,1007911
2021-06-16,504198,828545,1332743
2021-06-17,426790,666352,1093142
2021-06-18,379458,561083,940541
2021-06-19,129382,278931,408313
2021-06-20,79602,215822,295424
2021-06-21,219325,363244,582569
