date,initialDoses,finalDoses,totalDoses
2020-12-26,0,0,0
2020-12-27,24075,0,24075
2020-12-28,17830,0,17830
2020-12-29,49274,0,49274
2020-12-30,63358,0,63358
2020-12-31,49602,0,49602
2021-01-01,25341,0,25341
2021-01-02,47659,0,47659
2021-01-03,22408,0,22408
2021-01-04,45747,0,45747
2021-01-05,51892,0,51892
2021-01-06,62415,0,62415
2021-01-07,54562,0,54562
2021-01-08,62108,0,62108
2021-01-09,59856,0,59856
2021-01-10,35581,0,35581
2021-01-11,67711,0,67711
2021-01-12,78485,0,78485
2021-01-13,111019,0,111019
2021-01-14,83351,0,83351
2021-01-15,90135,846,90981
2021-01-16,56468,1005,57473
2021-01-17,30428,16913,47341
2021-01-18,66625,15586,82211
2021-01-19,83005,35999,119004
2021-01-20,78057,53391,131448
2021-01-21,64096,40739,104835
2021-01-22,68219,33169,101388
2021-01-23,40476,45864,86340
2021-01-24,25533,21591,47124
2021-01-25,52464,38297,90761
2021-01-26,50718,46721,97439
2021-01-27,50869,58149,109018
2021-01-28,46593,45879,92472
2021-01-29,49994,57739,107733
2021-01-30,34392,53604,87996
2021-01-31,25771,31032,56803
2021-02-01,57974,61443,119417
2021-02-02,65059,67157,132216
2021-02-03,64238,97699,161937
2021-02-04,61799,72090,133889
2021-02-05,68962,77796,146758
2021-02-06,45441,48230,93671
2021-02-07,28261,25047,53308
2021-02-08,52828,56035,108863
2021-02-09,60210,73775,133985
2021-02-10,77289,77120,154409
2021-02-11,75246,68491,143737
2021-02-12,79554,75564,155118
2021-02-13,61932,45386,107318
2021-02-14,39493,25676,65169
2021-02-15,69587,55658,125245
2021-02-16,77772,56206,133978
2021-02-17,94413,56289,150702
2021-02-18,91220,52986,144206
2021-02-19,102742,55567,158309
2021-02-20,75795,36256,112051
2021-02-21,57385,28378,85763
2021-02-22,97556,57681,155237
2021-02-23,109384,60457,169841
2021-02-24,116542,59142,175684
2021-02-25,129998,58927,188925
2021-02-26,145573,66855,212428
2021-02-27,107830,39885,147715
2021-02-28,78775,24058,102833
2021-03-01,148346,49855,198201
2021-03-02,166862,52093,218955
2021-03-03,176551,70496,247047
2021-03-04,181982,62814,244796
2021-03-05,207278,66966,274244
2021-03-06,153016,48657,201673
2021-03-07,114055,33481,147536
2021-03-08,185843,51579,237422
2021-03-09,197402,54795,252197
2021-03-10,221355,67029,288384
2021-03-11,223305,60890,284195
2021-03-12,255349,70846,326195
2021-03-13,190293,50265,240558
2021-03-14,134301,35678,169979
2021-03-15,188460,59208,247668
2021-03-16,110699,68195,178894
2021-03-17,124083,80948,205031
2021-03-18,117977,75562,193539
2021-03-19,160720,84234,244954
2021-03-20,166912,53268,220180
2021-03-21,126299,38186,164485
2021-03-22,192795,76406,269201
2021-03-23,216921,84034,300955
2021-03-24,249630,89576,339206
2021-03-25,251511,81148,332659
2021-03-26,285519,88536,374055
2021-03-27,218936,62329,281265
2021-03-28,143170,53219,196389
2021-03-29,217065,88593,305658
2021-03-30,236424,92491,328915
2021-03-31,234775,101459,336234
2021-04-01,235950,90753,326703
2021-04-02,157731,67984,225715
2021-04-03,167532,64415,231947
2021-04-04,142597,50355,192952
2021-04-05,177653,70221,247874
2021-04-06,279053,94684,373737
2021-04-07,571627,96336,667963
2021-04-08,611151,87703,698854
2021-04-09,543215,88948,632163
2021-04-10,307509,65020,372529
2021-04-11,213595,50317,263912
2021-04-12,342216,76367,418583
2021-04-13,503148,73690,576838
2021-04-14,691631,83205,774836
2021-04-15,609885,70307,680192
2021-04-16,522341,74191,596532
2021-04-17,309417,56613,366030
2021-04-18,230535,39004,269539
2021-04-19,340829,61416,402245
2021-04-20,497987,62769,560756
2021-04-21,647942,73157,721099
2021-04-22,571416,67215,638631
2021-04-23,487483,68930,556413
2021-04-24,306686,58942,365628
2021-04-25,233935,49042,282977
2021-04-26,359065,73919,432984
2021-04-27,693911,91448,785359
2021-04-28,996929,126221,1123150
2021-04-29,813729,132565,946294
2021-04-30,667544,136193,803737
2021-05-01,262633,73658,336291
2021-05-02,199432,65562,264994
2021-05-03,336860,114804,451664
2021-05-04,684179,158737,842916
2021-05-05,919314,227777,1147091
2021-05-06,771830,219081,990911
2021-05-07,656840,234234,891074
2021-05-08,273448,152334,425782
2021-05-09,184712,101468,286180
2021-05-10,399458,189755,589213
2021-05-11,801573,284135,1085708
2021-05-12,1055010,360918,1415928
2021-05-13,270968,158185,429153
2021-05-14,533865,222545,756410
2021-05-15,238965,161328,400293
2021-05-16,165264,116869,282133
2021-05-17,359021,196101,555122
2021-05-18,525119,346633,871752
2021-05-19,575884,521939,1097823
2021-05-20,466412,481014,947426
2021-05-21,417867,433146,851013
2021-05-22,229276,244508,473784
2021-05-23,133620,151441,285061
2021-05-24,149151,176710,325861
2021-05-25,297245,358220,655465
2021-05-26,547793,631959,1179752
2021-05-27,485303,555500,1040803
2021-05-28,440125,463787,903912
2021-05-29,179526,230648,410174
2021-05-30,108761,174778,283539
2021-05-31,220860,325871,546731
2021-06-01,484631,503742,988373
2021-06-02,621690,626951,1248641
2021-06-03,283606,359117,642723
2021-06-04,368486,442537,811023
2021-06-05,126955,285900,412855
2021-06-06,77710,214493,292203
2021-06-07,247622,366615,614237
2021-06-08,409906,643633,1053539
2021-06-09,544860,878911,1423771
2021-06-10,493564,698162,1191726
2021-06-11,461234,601476,1062710
2021-06-12,159191,276245,435436
2021-06-13,78537,204429,282966
2021-06-14,269549,385780,655329
2021-06-15,406057,640727,1046784
2021-06-16,542387,839637,1382024
2021-06-17,467621,679904,1147525
2021-06-18,413817,578201,992018
2021-06-19,140771,286229,427000
2021-06-20,80677,214378,295055
2021-06-21,245807,384897,630704
2021-06-22,409068,666964,1076032
2021-06-23,522365,811716,1334081
2021-06-24,528923,505750,1034673
2021-06-25,420053,499854,919907
2021-06-26,149871,259748,409619
2021-06-27,94098,197777,291875
2021-06-28,268278,360567,628845
2021-06-29,411339,520989,932328
2021-06-30,474024,548306,1022330
2021-07-01,475353,506859,982212
2021-07-02,402335,444388,846723
2021-07-03,164543,212901,377444
2021-07-04,102063,171262,273325
2021-07-05,211691,324837,536528
2021-07-06,286460,491738,778198
2021-07-07,343327,652601,995928
2021-07-08,282665,565089,847754
2021-07-09,240409,517385,757794
2021-07-10,105596,237838,343434
2021-07-11,69407,158509,227916
2021-07-12,165319,302647,467966
2021-07-13,200138,560970,761108
2021-07-14,226203,748511,974714
2021-07-15,193583,573032,766615
2021-07-16,173938,485701,659639
2021-07-17,89633,182000,271633
2021-07-18,70979,128963,199942
2021-07-19,105960,274821,380781
2021-07-20,140825,464783,605608
2021-07-21,169042,584891,753933
2021-07-22,135031,485149,620180
2021-07-23,131729,436144,567873
2021-07-24,64425,146003,210428
2021-07-25,37741,86520,124261
2021-07-26,82646,254023,336669
2021-07-27,110800,437832,548632
2021-07-28,135357,549682,685039
2021-07-29,119630,454992,574622
2021-07-30,110138,384510,494648
2021-07-31,59563,134950,194513
2021-08-01,36261,80318,116579
2021-08-02,69555,221685,291240
2021-08-03,89681,368768,458449
2021-08-04,109076,458091,567167
2021-08-05,99490,413852,513342
2021-08-06,95869,341360,437229
2021-08-07,53615,130030,183645
2021-08-08,27341,88459,115800
2021-08-09,59970,231905,291875
2021-08-10,85079,340502,425581
2021-08-11,118980,418147,537127
2021-08-12,117189,348746,465935
2021-08-13,112857,305019,417876
2021-08-14,63459,126697,190156
2021-08-15,37599,79207,116806
2021-08-16,80822,179671,260493
2021-08-17,109689,242318,352007
2021-08-18,127009,276225,403234
