date,initialDoses,finalDoses,totalDoses
2020-12-26,0,0,0
2020-12-27,23436,0,23436
2020-12-28,17679,0,17679
2020-12-29,48725,0,48725
2020-12-30,62662,0,62662
2020-12-31,49046,0,49046
2021-01-01,25199,0,25199
2021-01-02,47369,0,47369
2021-01-03,22133,0,22133
2021-01-04,45441,0,45441
2021-01-05,51413,0,51413
2021-01-06,62226,0,62226
2021-01-07,53775,0,53775
2021-01-08,61348,0,61348
2021-01-09,59553,0,59553
2021-01-10,34952,0,34952
2021-01-11,67220,0,67220
2021-01-12,77975,0,77975
2021-01-13,110233,0,110233
2021-01-14,82638,0,82638
2021-01-15,89322,850,90172
2021-01-16,56134,1022,57156
2021-01-17,30303,17771,48074
2021-01-18,66039,15791,81830
2021-01-19,82529,36440,118969
2021-01-20,77971,54538,132509
2021-01-21,64070,41269,105339
2021-01-22,68282,33456,101738
2021-01-23,40712,46007,86719
2021-01-24,25654,21831,47485
2021-01-25,52285,38670,90955
2021-01-26,50602,46818,97420
2021-01-27,50677,58455,109132
2021-01-28,46300,45895,92195
2021-01-29,49928,57463,107391
2021-01-30,34443,53665,88108
2021-01-31,25853,31118,56971
2021-02-01,57956,61735,119691
2021-02-02,64759,67299,132058
2021-02-03,63613,97553,161166
2021-02-04,61290,71836,133126
2021-02-05,69009,77448,146457
2021-02-06,45349,48266,93615
2021-02-07,28221,25055,53276
2021-02-08,52978,55904,108882
2021-02-09,60213,73818,134031
2021-02-10,77376,76818,154194
2021-02-11,75123,68476,143599
2021-02-12,79495,75634,155129
2021-02-13,61769,45448,107217
2021-02-14,39515,25714,65229
2021-02-15,69523,55735,125258
2021-02-16,77668,56345,134013
2021-02-17,94315,56277,150592
2021-02-18,91160,52975,144135
2021-02-19,102644,55438,158082
2021-02-20,75692,36251,111943
2021-02-21,57349,28363,85712
2021-02-22,97596,57436,155032
2021-02-23,108964,60391,169355
2021-02-24,116300,59119,175419
2021-02-25,129552,59131,188683
2021-02-26,145193,66843,212036
2021-02-27,107733,39893,147626
2021-02-28,78665,24063,102728
2021-03-01,148136,49775,197911
2021-03-02,166432,52098,218530
2021-03-03,175757,70221,245978
2021-03-04,181471,62806,244277
2021-03-05,206947,68502,275449
2021-03-06,152938,48650,201588
2021-03-07,113999,33480,147479
2021-03-08,185749,51592,237341
2021-03-09,197203,54846,252049
2021-03-10,220925,67037,287962
2021-03-11,223141,60884,284025
2021-03-12,255376,70856,326232
2021-03-13,190215,50277,240492
2021-03-14,134254,35650,169904
2021-03-15,188385,59234,247619
2021-03-16,110731,68137,178868
2021-03-17,124073,80889,204962
2021-03-18,117927,75436,193363
2021-03-19,160667,84119,244786
2021-03-20,166974,53255,220229
2021-03-21,126351,38183,164534
2021-03-22,192784,76385,269169
2021-03-23,216771,83743,300514
2021-03-24,249214,89596,338810
2021-03-25,251352,81139,332491
2021-03-26,285100,88382,373482
2021-03-27,218806,62327,281133
2021-03-28,143072,53248,196320
2021-03-29,216819,88558,305377
2021-03-30,236462,92527,328989
2021-03-31,234748,101479,336227
2021-04-01,235837,90527,326364
2021-04-02,157718,67959,225677
2021-04-03,167405,64307,231712
2021-04-04,142607,50358,192965
2021-04-05,177621,70168,247789
2021-04-06,278972,94664,373636
2021-04-07,571482,96288,667770
2021-04-08,610788,87524,698312
2021-04-09,542502,88871,631373
2021-04-10,307328,65054,372382
2021-04-11,213466,50321,263787
2021-04-12,341895,76360,418255
2021-04-13,502872,73640,576512
2021-04-14,691540,83149,774689
2021-04-15,609750,69989,679739
2021-04-16,522051,74043,596094
2021-04-17,309150,56619,365769
2021-04-18,230245,39001,269246
2021-04-19,340190,61361,401551
2021-04-20,496888,62652,559540
2021-04-21,647084,73003,720087
2021-04-22,570682,67110,637792
2021-04-23,486814,68793,555607
2021-04-24,306190,58962,365152
2021-04-25,233491,49074,282565
2021-04-26,358404,73889,432293
2021-04-27,693410,91405,784815
2021-04-28,996306,126067,1122373
2021-04-29,813004,132504,945508
2021-04-30,666879,136147,803026
2021-05-01,262356,73690,336046
2021-05-02,199309,65578,264887
2021-05-03,336901,114774,451675
2021-05-04,683786,158738,842524
2021-05-05,919148,227190,1146338
2021-05-06,771070,218506,989576
2021-05-07,655666,233787,889453
2021-05-08,273632,152345,425977
2021-05-09,184710,101446,286156
2021-05-10,399330,189719,589049
2021-05-11,801213,283640,1084853
2021-05-12,1054399,360280,1414679
2021-05-13,271125,158183,429308
2021-05-14,533692,222596,756288
2021-05-15,238822,161242,400064
2021-05-16,165299,117254,282553
2021-05-17,359029,196232,555261
2021-05-18,524804,346187,870991
2021-05-19,575437,521299,1096736
2021-05-20,466110,480116,946226
2021-05-21,417411,432465,849876
2021-05-22,229117,244697,473814
2021-05-23,133703,151521,285224
2021-05-24,149352,176808,326160
2021-05-25,296975,357416,654391
2021-05-26,547406,630970,1178376
2021-05-27,484720,554747,1039467
2021-05-28,439676,462286,901962
2021-05-29,179516,230419,409935
2021-05-30,108809,174653,283462
2021-05-31,220886,325587,546473
2021-06-01,484724,502214,986938
2021-06-02,620269,625327,1245596
2021-06-03,283696,358143,641839
2021-06-04,367817,441355,809172
2021-06-05,126671,285519,412190
2021-06-06,77685,214616,292301
2021-06-07,245676,366126,611802
2021-06-08,401671,642930,1044601
2021-06-09,533338,877941,1411279
2021-06-10,480717,697352,1178069
2021-06-11,449130,600714,1049844
2021-06-12,156410,276025,432435
2021-06-13,78222,204296,282518
2021-06-14,262133,384534,646667
2021-06-15,394943,639184,1034127
2021-06-16,528927,837397,1366324
2021-06-17,453255,677886,1131141
2021-06-18,401799,575966,977765
2021-06-19,138116,286199,424315
2021-06-20,79913,213793,293706
2021-06-21,238575,383716,622291
2021-06-22,396691,665703,1062394
2021-06-23,508559,810371,1318930
2021-06-24,513962,504677,1018639
2021-06-25,406751,498363,905114
2021-06-26,145127,258521,403648
2021-06-27,93004,197497,290501
2021-06-28,261411,359120,620531
2021-06-29,402414,517856,920270
2021-06-30,462144,544741,1006885
2021-07-01,465983,503788,969771
2021-07-02,392421,440004,832425
2021-07-03,161615,212153,373768
2021-07-04,101126,171214,272340
2021-07-05,207357,321495,528852
2021-07-06,280992,484707,765699
2021-07-07,334956,642632,977588
2021-07-08,274053,552243,826296
2021-07-09,230122,500959,731081
2021-07-10,102168,233012,335180
2021-07-11,66236,155484,221720
