date,initialDoses,finalDoses,totalDoses
2020-12-26,0,0,0
2020-12-27,24076,0,24076
2020-12-28,17831,0,17831
2020-12-29,49279,0,49279
2020-12-30,63355,0,63355
2020-12-31,49601,0,49601
2021-01-01,25343,0,25343
2021-01-02,47661,0,47661
2021-01-03,22407,0,22407
2021-01-04,45749,0,45749
2021-01-05,51890,0,51890
2021-01-06,62420,0,62420
2021-01-07,54564,0,54564
2021-01-08,62108,0,62108
2021-01-09,59855,0,59855
2021-01-10,35583,0,35583
2021-01-11,67711,0,67711
2021-01-12,78481,0,78481
2021-01-13,111017,0,111017
2021-01-14,83351,0,83351
2021-01-15,90135,846,90981
2021-01-16,56470,1005,57475
2021-01-17,30428,16914,47342
2021-01-18,66628,15585,82213
2021-01-19,83006,36001,119007
2021-01-20,78059,53388,131447
2021-01-21,64097,40742,104839
2021-01-22,68220,33169,101389
2021-01-23,40478,45866,86344
2021-01-24,25533,21591,47124
2021-01-25,52465,38299,90764
2021-01-26,50717,46722,97439
2021-01-27,50869,58157,109026
2021-01-28,46591,45884,92475
2021-01-29,49995,57745,107740
2021-01-30,34392,53610,88002
2021-01-31,25770,31036,56806
2021-02-01,57973,61446,119419
2021-02-02,65058,67160,132218
2021-02-03,64236,97695,161931
2021-02-04,61797,72092,133889
2021-02-05,68963,77800,146763
2021-02-06,45440,48230,93670
2021-02-07,28260,25048,53308
2021-02-08,52829,56037,108866
2021-02-09,60210,73779,133989
2021-02-10,77293,77123,154416
2021-02-11,75248,68494,143742
2021-02-12,79535,75564,155099
2021-02-13,61933,45386,107319
2021-02-14,39494,25676,65170
2021-02-15,69599,55658,125257
2021-02-16,77789,56207,133996
2021-02-17,94455,56289,150744
2021-02-18,91256,52984,144240
2021-02-19,102772,55569,158341
2021-02-20,75795,36256,112051
2021-02-21,57385,28377,85762
2021-02-22,97570,57705,155275
2021-02-23,109387,60460,169847
2021-02-24,116544,59141,175685
2021-02-25,130013,58930,188943
2021-02-26,145584,66862,212446
2021-02-27,107833,39885,147718
2021-02-28,78776,24059,102835
2021-03-01,148372,49855,198227
2021-03-02,166902,52093,218995
2021-03-03,176586,70495,247081
2021-03-04,182012,62815,244827
2021-03-05,207296,66972,274268
2021-03-06,153025,48657,201682
2021-03-07,114057,33481,147538
2021-03-08,185856,51579,237435
2021-03-09,197408,54795,252203
2021-03-10,221367,67025,288392
2021-03-11,223329,60889,284218
2021-03-12,255358,70849,326207
2021-03-13,190297,50259,240556
2021-03-14,134303,35678,169981
2021-03-15,188474,59207,247681
2021-03-16,110722,68190,178912
2021-03-17,124109,80947,205056
2021-03-18,117998,75555,193553
2021-03-19,160771,84233,245004
2021-03-20,166962,53261,220223
2021-03-21,126295,38186,164481
2021-03-22,192799,76405,269204
2021-03-23,216927,84035,300962
2021-03-24,249645,89577,339222
2021-03-25,251561,81152,332713
2021-03-26,285562,88535,374097
2021-03-27,218932,62326,281258
2021-03-28,143170,53219,196389
2021-03-29,217105,88592,305697
2021-03-30,236446,92491,328937
2021-03-31,234757,101457,336214
2021-04-01,235970,90753,326723
2021-04-02,157732,67984,225716
2021-04-03,167535,64414,231949
2021-04-04,142596,50356,192952
2021-04-05,177654,70203,247857
2021-04-06,279080,94680,373760
2021-04-07,571658,96337,667995
2021-04-08,611162,87704,698866
2021-04-09,543213,88914,632127
2021-04-10,307533,65051,372584
2021-04-11,213594,50318,263912
2021-04-12,342274,76369,418643
2021-04-13,503186,73690,576876
2021-04-14,691727,83206,774933
2021-04-15,609975,70306,680281
2021-04-16,522409,74190,596599
2021-04-17,309404,56612,366016
2021-04-18,230528,39005,269533
2021-04-19,340916,61413,402329
2021-04-20,498045,62770,560815
2021-04-21,647941,73135,721076
2021-04-22,571437,67194,638631
2021-04-23,487502,68934,556436
2021-04-24,306710,58941,365651
2021-04-25,233935,49039,282974
2021-04-26,359174,73938,433112
2021-04-27,694000,91467,785467
2021-04-28,997011,126238,1123249
2021-04-29,813865,132583,946448
2021-04-30,667618,136205,803823
2021-05-01,262634,73658,336292
2021-05-02,199432,65561,264993
2021-05-03,336991,114817,451808
2021-05-04,684338,158752,843090
2021-05-05,919442,227776,1147218
2021-05-06,771938,219061,990999
2021-05-07,656958,234224,891182
2021-05-08,273449,152337,425786
2021-05-09,184712,101469,286181
2021-05-10,399578,189795,589373
2021-05-11,801678,284176,1085854
2021-05-12,1055101,360942,1416043
2021-05-13,271049,158196,429245
2021-05-14,533935,222590,756525
2021-05-15,238962,161328,400290
2021-05-16,165264,116869,282133
2021-05-17,359096,196135,555231
2021-05-18,525205,346697,871902
2021-05-19,575944,521955,1097899
2021-05-20,466468,481082,947550
2021-05-21,417948,433219,851167
2021-05-22,229254,244646,473900
2021-05-23,133625,151440,285065
2021-05-24,149184,176782,325966
2021-05-25,297267,358212,655479
2021-05-26,547878,632066,1179944
2021-05-27,485304,555477,1040781
2021-05-28,440106,463750,903856
2021-05-29,179525,230646,410171
2021-05-30,108758,174779,283537
2021-05-31,220860,325837,546697
2021-06-01,484615,503691,988306
2021-06-02,621683,626936,1248619
2021-06-03,283603,359055,642658
2021-06-04,368482,442516,810998
2021-06-05,126955,285898,412853
2021-06-06,77707,214489,292196
2021-06-07,247613,366587,614200
2021-06-08,409584,643623,1053207
2021-06-09,544539,878872,1423411
2021-06-10,493088,698146,1191234
2021-06-11,461005,601369,1062374
2021-06-12,158993,276195,435188
2021-06-13,78534,204431,282965
2021-06-14,269136,385758,654894
2021-06-15,405574,640680,1046254
2021-06-16,541592,839575,1381167
2021-06-17,466913,679861,1146774
2021-06-18,412998,578163,991161
2021-06-19,140726,286209,426935
2021-06-20,80672,214381,295053
2021-06-21,245434,384888,630322
2021-06-22,408215,666967,1075182
2021-06-23,521567,811700,1333267
2021-06-24,528351,505748,1034099
2021-06-25,419258,499856,919114
2021-06-26,149700,259757,409457
2021-06-27,94091,197784,291875
2021-06-28,268046,360563,628609
2021-06-29,410737,520987,931724
2021-06-30,473317,548200,1021517
2021-07-01,474945,506828,981773
2021-07-02,401948,444190,846138
2021-07-03,164366,212855,377221
2021-07-04,101984,171267,273251
2021-07-05,210843,324895,535738
2021-07-06,285626,491495,777121
2021-07-07,342610,652614,995224
2021-07-08,282335,565018,847353
2021-07-09,240059,517241,757300
2021-07-10,105563,237768,343331
2021-07-11,69400,158496,227896
2021-07-12,165029,302678,467707
2021-07-13,199960,560162,760122
2021-07-14,226007,748349,974356
2021-07-15,193391,572943,766334
2021-07-16,173727,485342,659069
2021-07-17,89582,181741,271323
2021-07-18,70907,128962,199869
2021-07-19,105720,274677,380397
2021-07-20,140603,463551,604154
2021-07-21,168782,583149,751931
2021-07-22,134790,483487,618277
2021-07-23,131517,434980,566497
2021-07-24,64363,145754,210117
2021-07-25,37719,86520,124239
2021-07-26,82442,253216,335658
2021-07-27,110526,436236,546762
2021-07-28,135178,548188,683366
2021-07-29,119371,453146,572517
2021-07-30,109881,381945,491826
2021-07-31,59395,134486,193881
2021-08-01,36254,80224,116478
2021-08-02,69299,220645,289944
2021-08-03,89321,366485,455806
2021-08-04,108713,456315,565028
2021-08-05,99194,411159,510353
2021-08-06,95474,339428,434902
2021-08-07,53284,129573,182857
2021-08-08,27303,88367,115670
2021-08-09,59621,230525,290146
2021-08-10,84469,338556,423025
2021-08-11,117690,414861,532551
2021-08-12,114271,345033,459304
2021-08-13,106852,297340,404192
2021-08-14,58015,124250,182265
2021-08-15,27766,62803,90569
