date,initialDoses,finalDoses,totalDoses
2020-12-26,0,0,0
2020-12-27,24150,0,24150
2020-12-28,17871,0,17871
2020-12-29,49465,0,49465
2020-12-30,63637,0,63637
2020-12-31,49734,0,49734
2021-01-01,25424,0,25424
2021-01-02,47769,0,47769
2021-01-03,22439,0,22439
2021-01-04,45833,0,45833
2021-01-05,52002,0,52002
2021-01-06,62598,0,62598
2021-01-07,54660,0,54660
2021-01-08,62252,0,62252
2021-01-09,60012,0,60012
2021-01-10,35625,0,35625
2021-01-11,67856,0,67856
2021-01-12,78676,0,78676
2021-01-13,111311,0,111311
2021-01-14,83582,0,83582
2021-01-15,90392,846,91238
2021-01-16,56683,1006,57689
2021-01-17,30415,16952,47367
2021-01-18,66802,15620,82422
2021-01-19,83168,36106,119274
2021-01-20,78266,53829,132095
2021-01-21,64268,40772,105040
2021-01-22,68438,33218,101656
2021-01-23,40569,46047,86616
2021-01-24,25577,21661,47238
2021-01-25,52596,38363,90959
2021-01-26,50814,46810,97624
2021-01-27,51002,58415,109417
2021-01-28,46744,46110,92854
2021-01-29,50103,57828,107931
2021-01-30,34494,53720,88214
2021-01-31,25910,31220,57130
2021-02-01,58236,61534,119770
2021-02-02,65205,67298,132503
2021-02-03,64381,98116,162497
2021-02-04,61952,72297,134249
2021-02-05,69361,77946,147307
2021-02-06,45687,48325,94012
2021-02-07,28411,25063,53474
2021-02-08,52942,56150,109092
2021-02-09,60325,74005,134330
2021-02-10,77578,77278,154856
2021-02-11,75389,68698,144087
2021-02-12,79963,75812,155775
2021-02-13,62043,45491,107534
2021-02-14,39551,25707,65258
2021-02-15,69893,55819,125712
2021-02-16,78110,56419,134529
2021-02-17,94838,56415,151253
2021-02-18,91373,53139,144512
2021-02-19,102931,55996,158927
2021-02-20,75959,36333,112292
2021-02-21,57594,28436,86030
2021-02-22,97895,57981,155876
2021-02-23,109904,60614,170518
2021-02-24,116945,59353,176298
2021-02-25,130279,59193,189472
2021-02-26,146079,67523,213602
2021-02-27,108046,39966,148012
2021-02-28,79003,24229,103232
2021-03-01,148729,49945,198674
2021-03-02,167316,52365,219681
2021-03-03,177084,70748,247832
2021-03-04,182310,63025,245335
2021-03-05,207616,67255,274871
2021-03-06,153908,48730,202638
2021-03-07,114221,33533,147754
2021-03-08,186244,51768,238012
2021-03-09,197837,55003,252840
2021-03-10,222188,67384,289572
2021-03-11,223662,61024,284686
2021-03-12,256043,70953,326996
2021-03-13,190497,50348,240845
2021-03-14,134521,35731,170252
2021-03-15,188956,59300,248256
2021-03-16,110829,68308,179137
2021-03-17,124259,81070,205329
2021-03-18,118132,75703,193835
2021-03-19,160928,84489,245417
2021-03-20,167089,53330,220419
2021-03-21,126498,38259,164757
2021-03-22,193162,76531,269693
2021-03-23,217244,84172,301416
2021-03-24,250100,89481,339581
2021-03-25,251834,81258,333092
2021-03-26,285899,88763,374662
2021-03-27,219283,62399,281682
2021-03-28,143363,53286,196649
2021-03-29,217273,88701,305974
2021-03-30,236624,92664,329288
2021-03-31,235071,101702,336773
2021-04-01,236266,90921,327187
2021-04-02,157947,68083,226030
2021-04-03,167624,64507,232131
2021-04-04,142783,50415,193198
2021-04-05,177920,70310,248230
2021-04-06,279269,94847,374116
2021-04-07,571925,96500,668425
2021-04-08,611488,87791,699279
2021-04-09,543766,89061,632827
2021-04-10,307857,65115,372972
2021-04-11,213835,50382,264217
2021-04-12,342494,76456,418950
2021-04-13,503447,73761,577208
2021-04-14,692283,83274,775557
2021-04-15,610333,70386,680719
2021-04-16,522702,74281,596983
2021-04-17,309712,56678,366390
2021-04-18,230759,39049,269808
2021-04-19,341047,61498,402545
2021-04-20,498230,62854,561084
2021-04-21,648408,73249,721657
2021-04-22,571589,67324,638913
2021-04-23,487638,69011,556649
2021-04-24,306923,59031,365954
2021-04-25,234180,49107,283287
2021-04-26,359354,74026,433380
2021-04-27,694279,91552,785831
2021-04-28,997327,126373,1123700
2021-04-29,814318,132733,947051
2021-04-30,668146,136321,804467
2021-05-01,262869,73743,336612
2021-05-02,199603,65631,265234
2021-05-03,337121,114962,452083
2021-05-04,684487,158873,843360
2021-05-05,919627,228133,1147760
2021-05-06,772158,219537,991695
2021-05-07,657432,234462,891894
2021-05-08,273715,152584,426299
2021-05-09,184888,101574,286462
2021-05-10,399686,189997,589683
2021-05-11,801848,284459,1086307
2021-05-12,1055466,361242,1416708
2021-05-13,271154,158373,429527
2021-05-14,534101,222851,756952
2021-05-15,239116,161538,400654
2021-05-16,165399,116994,282393
2021-05-17,359194,196315,555509
2021-05-18,525317,347003,872320
2021-05-19,576212,522291,1098503
2021-05-20,466582,481446,948028
2021-05-21,418074,433603,851677
2021-05-22,229391,244847,474238
2021-05-23,133718,151619,285337
2021-05-24,149254,176949,326203
2021-05-25,297363,358597,655960
2021-05-26,548009,632274,1180283
2021-05-27,485453,555888,1041341
2021-05-28,440420,464271,904691
2021-05-29,179785,231036,410821
2021-05-30,108843,174957,283800
2021-05-31,221010,326345,547355
2021-06-01,484809,504325,989134
2021-06-02,621929,627490,1249419
2021-06-03,283805,359565,643370
2021-06-04,368845,443028,811873
2021-06-05,127034,286239,413273
2021-06-06,77775,214756,292531
2021-06-07,247698,366941,614639
2021-06-08,412229,644041,1056270
2021-06-09,546764,879413,1426177
2021-06-10,494886,698529,1193415
2021-06-11,463339,601834,1065173
2021-06-12,159414,276564,435978
2021-06-13,78580,204609,283189
2021-06-14,270316,386059,656375
2021-06-15,407979,641233,1049212
2021-06-16,543765,840272,1384037
2021-06-17,469085,680223,1149308
2021-06-18,415423,578515,993938
2021-06-19,141052,286458,427510
2021-06-20,80787,214517,295304
2021-06-21,246463,385253,631716
2021-06-22,411480,667309,1078789
2021-06-23,524678,812038,1336716
2021-06-24,530635,505989,1036624
2021-06-25,421788,500078,921866
2021-06-26,150434,259918,410352
2021-06-27,94143,197889,292032
2021-06-28,269071,360638,629709
2021-06-29,412897,521354,934251
2021-06-30,475613,548566,1024179
2021-07-01,476955,507098,984053
2021-07-02,403296,444856,848152
2021-07-03,164901,212965,377866
2021-07-04,102137,171359,273496
2021-07-05,212347,325057,537404
2021-07-06,287539,492385,779924
2021-07-07,344625,653540,998165
2021-07-08,283971,565869,849840
2021-07-09,241238,517942,759180
2021-07-10,106136,237846,343982
2021-07-11,69741,158533,228274
2021-07-12,166164,303211,469375
2021-07-13,201003,562222,763225
2021-07-14,227211,749386,976597
2021-07-15,194509,574193,768702
2021-07-16,174562,486850,661412
2021-07-17,89990,182209,272199
2021-07-18,71216,128965,200181
2021-07-19,106410,275912,382322
2021-07-20,141460,466903,608363
2021-07-21,169688,587007,756695
2021-07-22,135599,486902,622501
2021-07-23,132509,438526,571035
2021-07-24,64930,146342,211272
2021-07-25,38052,86492,124544
2021-07-26,83137,255281,338418
2021-07-27,111623,441319,552942
2021-07-28,136452,553619,690071
2021-07-29,120270,457427,577697
2021-07-30,110658,386659,497317
2021-07-31,59980,135220,195200
2021-08-01,36543,80526,117069
2021-08-02,70109,223139,293248
2021-08-03,90347,371055,461402
2021-08-04,110506,460883,571389
2021-08-05,100239,416571,516810
2021-08-06,96321,343975,440296
2021-08-07,54032,130935,184967
2021-08-08,27456,88604,116060
2021-08-09,60332,233522,293854
2021-08-10,85532,343280,428812
2021-08-11,119863,421142,541005
2021-08-12,118604,352687,471291
2021-08-13,114496,307855,422351
2021-08-14,66243,127874,194117
2021-08-15,38134,80108,118242
2021-08-16,82331,182629,264960
2021-08-17,112992,247381,360373
2021-08-18,135943,285337,421280
2021-08-19,120141,212885,333026
2021-08-20,131203,209401,340604
2021-08-21,72546,82797,155343
2021-08-22,39666,53625,93291
2021-08-23,91165,140846,232011
2021-08-24,120673,175609,296282
2021-08-25,140181,200362,340543
2021-08-26,132040,166263,298303
2021-08-27,112611,137468,250079
2021-08-28,68412,65517,133929
2021-08-29,36562,46881,83443
2021-08-30,82700,104810,187510
2021-08-31,108621,127721,236342
2021-09-01,118452,149405,267857
2021-09-02,104704,124654,229358
